     432    3380   24112 biomed/1468-6708-3-1.txt
     533    3630   29585 biomed/1468-6708-3-10.txt
     296    2166   16882 biomed/1468-6708-3-3.txt
     547    4301   31378 biomed/1468-6708-3-4.txt
     317    2312   18114 biomed/1468-6708-3-7.txt
     411    3181   24028 biomed/1471-2091-2-10.txt
     615    4684   35103 biomed/1471-2091-2-11.txt
     515    3287   24851 biomed/1471-2091-2-12.txt
     564    3550   27970 biomed/1471-2091-2-13.txt
     339    2496   18716 biomed/1471-2091-2-16.txt
     826    5832   45414 biomed/1471-2091-2-5.txt
     501    3167   25458 biomed/1471-2091-2-7.txt
     481    3637   25298 biomed/1471-2091-2-9.txt
     537    4002   29139 biomed/1471-2091-3-13.txt
     932    7125   54849 biomed/1471-2091-3-14.txt
     673    4858   34209 biomed/1471-2091-3-15.txt
     702    5011   35953 biomed/1471-2091-3-16.txt
     642    4253   29469 biomed/1471-2091-3-17.txt
     708    5587   40558 biomed/1471-2091-3-18.txt
     755    5001   40379 biomed/1471-2091-3-22.txt
     605    4616   33815 biomed/1471-2091-3-23.txt
     699    4531   34168 biomed/1471-2091-3-30.txt
    1063    7146   56000 biomed/1471-2091-3-31.txt
    1013    7118   52697 biomed/1471-2091-3-4.txt
     430    3136   23491 biomed/1471-2091-3-8.txt
     545    3908   30279 biomed/1471-2091-4-1.txt
     521    3765   28719 biomed/1471-2091-4-5.txt
     784    4587   36588 biomed/1471-2105-1-1.txt
     611    4414   34261 biomed/1471-2105-2-1.txt
    1495    8653   68152 biomed/1471-2105-2-8.txt
     455    3425   25632 biomed/1471-2105-2-9.txt
     393    2665   21074 biomed/1471-2105-3-12.txt
    1173    6982   54441 biomed/1471-2105-3-14.txt
     776    4989   37446 biomed/1471-2105-3-16.txt
     920    5988   47239 biomed/1471-2105-3-17.txt
    2236    9393   78562 biomed/1471-2105-3-18.txt
    2359   17408  136424 biomed/1471-2105-3-2.txt
     551    3748   29117 biomed/1471-2105-3-22.txt
     573    4169   30792 biomed/1471-2105-3-23.txt
     217    1602   12110 biomed/1471-2105-3-24.txt
     567    4138   31764 biomed/1471-2105-3-26.txt
     887    4849   38482 biomed/1471-2105-3-28.txt
    1209    5760   47668 biomed/1471-2105-3-3.txt
     885    5841   43797 biomed/1471-2105-3-30.txt
     601    4478   34563 biomed/1471-2105-3-34.txt
     543    3924   29508 biomed/1471-2105-3-37.txt
     880    4126   32376 biomed/1471-2105-3-38.txt
     579    4499   34817 biomed/1471-2105-3-4.txt
     800    4312   34496 biomed/1471-2105-3-6.txt
     641    5416   37814 biomed/1471-2105-4-13.txt
     523    4551   31885 biomed/1471-2105-4-24.txt
     383    2564   20276 biomed/1471-2105-4-25.txt
     587    3998   29786 biomed/1471-2105-4-26.txt
     400    3157   23355 biomed/1471-2105-4-27.txt
     589    4371   33821 biomed/1471-2105-4-28.txt
     499    3683   27649 biomed/1471-2105-4-31.txt
     548    3859   29793 biomed/1471-2121-1-2.txt
     478    3302   26820 biomed/1471-2121-2-1.txt
     889    6396   51543 biomed/1471-2121-2-10.txt
     754    5454   42311 biomed/1471-2121-2-11.txt
     456    3582   26002 biomed/1471-2121-2-12.txt
     565    4400   32852 biomed/1471-2121-2-15.txt
     673    5310   39018 biomed/1471-2121-2-18.txt
     530    4068   29502 biomed/1471-2121-2-21.txt
     463    3452   26337 biomed/1471-2121-2-22.txt
     248    1794   14165 biomed/1471-2121-2-3.txt
     543    4057   31043 biomed/1471-2121-2-6.txt
     702    5346   39412 biomed/1471-2121-3-10.txt
     512    3851   28955 biomed/1471-2121-3-11.txt
     912    5956   44218 biomed/1471-2121-3-12.txt
     772    5893   43442 biomed/1471-2121-3-13.txt
    1034    8395   62063 biomed/1471-2121-3-15.txt
     988    7078   52637 biomed/1471-2121-3-16.txt
     606    4779   35704 biomed/1471-2121-3-18.txt
     823    6077   46803 biomed/1471-2121-3-19.txt
     593    4409   34129 biomed/1471-2121-3-2.txt
     631    4132   32262 biomed/1471-2121-3-21.txt
     605    4340   33441 biomed/1471-2121-3-22.txt
     903    6581   51597 biomed/1471-2121-3-25.txt
    1017    7223   56063 biomed/1471-2121-3-30.txt
     833    6570   48187 biomed/1471-2121-3-4.txt
     699    5224   39935 biomed/1471-2121-3-6.txt
     450    3304   25531 biomed/1471-2121-3-8.txt
     330    2384   17621 biomed/1471-2121-4-1.txt
     604    4562   34571 biomed/1471-2121-4-2.txt
     708    4895   37156 biomed/1471-2121-4-3.txt
     470    3289   25444 biomed/1471-2121-4-4.txt
     507    3735   27586 biomed/1471-2121-4-5.txt
     459    3320   26467 biomed/1471-2121-4-6.txt
     331    2235   16722 biomed/1471-213X-1-1.txt
     528    3410   26832 biomed/1471-213X-1-10.txt
     525    3559   29630 biomed/1471-213X-1-11.txt
     523    3969   29734 biomed/1471-213X-1-12.txt
     702    4539   36535 biomed/1471-213X-1-13.txt
     829    5820   46555 biomed/1471-213X-1-15.txt
     852    5622   42612 biomed/1471-213X-1-2.txt
     675    5274   39354 biomed/1471-213X-1-3.txt
     347    2416   18068 biomed/1471-213X-1-4.txt
     733    5153   37943 biomed/1471-213X-1-6.txt
     736    4970   37729 biomed/1471-213X-1-9.txt
     749    5362   41353 biomed/1471-213X-2-1.txt
     757    5358   37751 biomed/1471-213X-2-7.txt
     259    1842   13689 biomed/1471-213X-2-8.txt
     458    3642   26809 biomed/1471-213X-3-2.txt
    1016    7421   55468 biomed/1471-213X-3-3.txt
     829    6118   48262 biomed/1471-213X-3-4.txt
     624    4549   34190 biomed/1471-213X-3-7.txt
     435    3123   23842 biomed/1471-2148-1-1.txt
     491    4184   29403 biomed/1471-2148-1-14.txt
     531    3826   29837 biomed/1471-2148-1-4.txt
     250    1716   12833 biomed/1471-2148-1-6.txt
     890    5775   48738 biomed/1471-2148-1-8.txt
     560    4145   32108 biomed/1471-2148-2-12.txt
     320    2225   16776 biomed/1471-2148-2-14.txt
     514    3961   28216 biomed/1471-2148-2-15.txt
    1008    5842   46786 biomed/1471-2148-2-17.txt
     522    3329   24898 biomed/1471-2148-2-2.txt
     316    1862   14560 biomed/1471-2148-2-5.txt
     354    2553   19427 biomed/1471-2148-2-7.txt
     666    4587   34954 biomed/1471-2148-2-8.txt
     379    2522   19888 biomed/1471-2148-3-1.txt
     605    3700   29059 biomed/1471-2148-3-18.txt
     979    6248   45044 biomed/1471-2148-3-3.txt
     640    4280   33162 biomed/1471-2148-3-4.txt
     743    5370   40153 biomed/1471-2148-3-7.txt
     684    5077   38628 biomed/1471-2156-2-1.txt
     680    4941   36043 biomed/1471-2156-2-12.txt
     484    3723   27688 biomed/1471-2156-2-17.txt
     723    4699   37452 biomed/1471-2156-2-18.txt
     364    2430   19344 biomed/1471-2156-2-3.txt
     532    2932   22998 biomed/1471-2156-2-5.txt
     300    2341   17411 biomed/1471-2156-2-7.txt
     195    1422   10530 biomed/1471-2156-2-8.txt
     633    2963   23096 biomed/1471-2156-3-10.txt
     414    2728   20685 biomed/1471-2156-3-11.txt
     747    5141   39328 biomed/1471-2156-3-16.txt
     973    6298   49960 biomed/1471-2156-3-17.txt
     238    1750   13363 biomed/1471-2156-3-22.txt
     457    2775   21552 biomed/1471-2156-3-3.txt
    1053    5660   46131 biomed/1471-2156-3-4.txt
     828    4431   33991 biomed/1471-2156-4-10.txt
     507    3580   27525 biomed/1471-2156-4-5.txt
     701    4451   35378 biomed/1471-2156-4-6.txt
     836    5793   43248 biomed/1471-2156-4-9.txt
     682    5226   39804 biomed/1471-2164-2-1.txt
     662    4920   37800 biomed/1471-2164-2-2.txt
     495    3750   27684 biomed/1471-2164-2-4.txt
     416    2711   20730 biomed/1471-2164-2-6.txt
     662    4396   32543 biomed/1471-2164-2-7.txt
     513    3444   26490 biomed/1471-2164-2-8.txt
     857    6014   47898 biomed/1471-2164-2-9.txt
     560    3945   30676 biomed/1471-2164-3-1.txt
     362    2508   18841 biomed/1471-2164-3-10.txt
     470    3364   25132 biomed/1471-2164-3-13.txt
     438    2784   22329 biomed/1471-2164-3-15.txt
     487    3526   27283 biomed/1471-2164-3-16.txt
     832    6373   47848 biomed/1471-2164-3-18.txt
     594    4448   33671 biomed/1471-2164-3-19.txt
     524    2554   20694 biomed/1471-2164-3-23.txt
     622    4755   35306 biomed/1471-2164-3-24.txt
     392    2754   21046 biomed/1471-2164-3-26.txt
     418    3122   24329 biomed/1471-2164-3-27.txt
     822    4852   39250 biomed/1471-2164-3-28.txt
     408    3035   22442 biomed/1471-2164-3-29.txt
     328    2553   18364 biomed/1471-2164-3-30.txt
     702    5265   40400 biomed/1471-2164-3-31.txt
     567    3763   29324 biomed/1471-2164-3-32.txt
     599    4105   32602 biomed/1471-2164-3-33.txt
     419    2834   20958 biomed/1471-2164-3-34.txt
     643    4954   36670 biomed/1471-2164-3-35.txt
     868    5806   45524 biomed/1471-2164-3-4.txt
     379    2918   21289 biomed/1471-2164-3-6.txt
     693    5372   40413 biomed/1471-2164-3-7.txt
     575    4195   32805 biomed/1471-2164-3-8.txt
     514    3803   29123 biomed/1471-2164-3-9.txt
     562    4222   32319 biomed/1471-2164-4-13.txt
     425    2496   18940 biomed/1471-2164-4-14.txt
     503    3337   26254 biomed/1471-2164-4-15.txt
     669    4389   33581 biomed/1471-2164-4-16.txt
     553    4107   31181 biomed/1471-2164-4-19.txt
     487    3837   28119 biomed/1471-2164-4-2.txt
     723    5367   40895 biomed/1471-2164-4-21.txt
     632    4541   35306 biomed/1471-2164-4-22.txt
     549    4140   31625 biomed/1471-2164-4-23.txt
     505    3279   26222 biomed/1471-2164-4-24.txt
     361    2819   20338 biomed/1471-2164-4-25.txt
     631    4102   31252 biomed/1471-2164-4-26.txt
     598    4694   33886 biomed/1471-2164-4-28.txt
     936    7656   54077 biomed/1471-2164-4-4.txt
     433    3223   24850 biomed/1471-2164-4-5.txt
     556    4387   32085 biomed/1471-2164-4-6.txt
     585    4320   33407 biomed/1471-2172-1-1.txt
     663    5509   38772 biomed/1471-2172-2-10.txt
     800    6060   46108 biomed/1471-2172-2-3.txt
     620    4638   35974 biomed/1471-2172-2-4.txt
     337    2587   19565 biomed/1471-2172-2-9.txt
     334    2582   19007 biomed/1471-2172-3-1.txt
     718    5506   40190 biomed/1471-2172-3-10.txt
     626    4445   33309 biomed/1471-2172-3-12.txt
     749    5270   41490 biomed/1471-2172-3-16.txt
     668    5163   38202 biomed/1471-2172-3-2.txt
     719    5141   40982 biomed/1471-2172-3-4.txt
     396    3072   21927 biomed/1471-2172-3-9.txt
     492    3765   27888 biomed/1471-2172-4-1.txt
     511    3835   28351 biomed/1471-2172-4-2.txt
     640    4713   36285 biomed/1471-2180-1-12.txt
     543    3646   27490 biomed/1471-2180-1-16.txt
     970    6125   47026 biomed/1471-2180-1-26.txt
     442    3369   26000 biomed/1471-2180-1-28.txt
     677    3840   30845 biomed/1471-2180-1-29.txt
     522    3948   29292 biomed/1471-2180-1-31.txt
     611    3981   30646 biomed/1471-2180-1-33.txt
     591    4542   34076 biomed/1471-2180-1-34.txt
     707    5212   38765 biomed/1471-2180-1-7.txt
     675    4801   35320 biomed/1471-2180-1-8.txt
     560    4496   32867 biomed/1471-2180-2-1.txt
     551    3668   28049 biomed/1471-2180-2-13.txt
     656    4561   35235 biomed/1471-2180-2-16.txt
     412    2547   20538 biomed/1471-2180-2-2.txt
     676    5254   38478 biomed/1471-2180-2-20.txt
     471    3530   26497 biomed/1471-2180-2-22.txt
     493    3049   24787 biomed/1471-2180-2-26.txt
     273    1876   13909 biomed/1471-2180-2-29.txt
     399    2749   21144 biomed/1471-2180-2-32.txt
     892    6233   47423 biomed/1471-2180-2-35.txt
     412    2741   21154 biomed/1471-2180-2-38.txt
     460    3234   24381 biomed/1471-2180-2-7.txt
     634    3736   30027 biomed/1471-2180-3-10.txt
     946    5029   37919 biomed/1471-2180-3-11.txt
     719    3835   31355 biomed/1471-2180-3-13.txt
     779    5090   39977 biomed/1471-2180-3-15.txt
     674    5172   37694 biomed/1471-2180-3-4.txt
     829    5467   43688 biomed/1471-2180-3-5.txt
     620    4897   35916 biomed/1471-2180-3-9.txt
     636    4113   32069 biomed/1471-2199-2-1.txt
     460    3471   26466 biomed/1471-2199-2-10.txt
     469    3308   24301 biomed/1471-2199-2-12.txt
     497    3025   23248 biomed/1471-2199-2-2.txt
     364    2699   20447 biomed/1471-2199-2-3.txt
    1027    7214   54313 biomed/1471-2199-2-4.txt
     615    4653   34740 biomed/1471-2199-2-5.txt
     466    3450   26704 biomed/1471-2199-2-6.txt
     369    2616   19877 biomed/1471-2199-3-10.txt
     442    3396   25396 biomed/1471-2199-3-11.txt
     533    4047   30440 biomed/1471-2199-3-12.txt
     425    3038   22226 biomed/1471-2199-3-17.txt
     803    5352   41339 biomed/1471-2199-3-3.txt
     620    3745   29608 biomed/1471-2199-3-7.txt
     544    4068   30658 biomed/1471-2199-4-4.txt
     512    3379   25184 biomed/1471-2199-4-5.txt
     361    2692   20783 biomed/1471-2202-1-1.txt
     690    5040   38924 biomed/1471-2202-2-1.txt
     284    2188   16156 biomed/1471-2202-2-10.txt
     519    3824   29596 biomed/1471-2202-2-12.txt
     422    3190   23188 biomed/1471-2202-2-14.txt
     486    3775   28119 biomed/1471-2202-2-15.txt
     565    4395   32894 biomed/1471-2202-2-16.txt
     503    4062   29890 biomed/1471-2202-2-17.txt
     371    2523   20061 biomed/1471-2202-2-18.txt
     562    4279   32908 biomed/1471-2202-2-19.txt
     343    2469   18827 biomed/1471-2202-2-2.txt
     749    5526   41831 biomed/1471-2202-2-20.txt
     546    3858   30961 biomed/1471-2202-2-3.txt
     627    4345   32780 biomed/1471-2202-2-5.txt
     476    3074   23922 biomed/1471-2202-2-6.txt
     500    3591   27117 biomed/1471-2202-2-7.txt
     724    5284   41564 biomed/1471-2202-2-8.txt
     729    5046   40360 biomed/1471-2202-2-9.txt
    1297   10507   75711 biomed/1471-2202-3-1.txt
     424    3015   23827 biomed/1471-2202-3-10.txt
     581    4010   31287 biomed/1471-2202-3-11.txt
     600    4360   33896 biomed/1471-2202-3-14.txt
     758    5670   42803 biomed/1471-2202-3-16.txt
     631    3844   29638 biomed/1471-2202-3-17.txt
     542    3983   30039 biomed/1471-2202-3-19.txt
     734    4943   36617 biomed/1471-2202-3-20.txt
     611    4637   35079 biomed/1471-2202-3-3.txt
     570    4356   32489 biomed/1471-2202-3-4.txt
     910    6460   47766 biomed/1471-2202-3-5.txt
     560    3939   28821 biomed/1471-2202-3-7.txt
     451    3461   26090 biomed/1471-2202-3-8.txt
     544    3894   29083 biomed/1471-2202-4-10.txt
     752    5840   42348 biomed/1471-2202-4-11.txt
     410    2865   21868 biomed/1471-2202-4-12.txt
     505    3860   29125 biomed/1471-2202-4-16.txt
     517    3939   29568 biomed/1471-2202-4-17.txt
     593    4751   33888 biomed/1471-2202-4-2.txt
     745    4092   32938 biomed/1471-2202-4-3.txt
     447    3700   26021 biomed/1471-2202-4-5.txt
     499    3642   27415 biomed/1471-2202-4-6.txt
     522    3832   29200 biomed/1471-2210-1-10.txt
     261    2074   14603 biomed/1471-2210-1-2.txt
     542    3786   28252 biomed/1471-2210-1-3.txt
     588    4422   33669 biomed/1471-2210-1-4.txt
     978    7222   53072 biomed/1471-2210-1-7.txt
     366    2727   20085 biomed/1471-2210-1-8.txt
     732    4768   35701 biomed/1471-2210-2-14.txt
     433    3169   23490 biomed/1471-2210-2-4.txt
     583    4248   33152 biomed/1471-2210-2-5.txt
     615    4811   35907 biomed/1471-2210-2-6.txt
     447    3412   25317 biomed/1471-2210-2-8.txt
     393    2814   21547 biomed/1471-2210-2-9.txt
     513    3825   28562 biomed/1471-2210-3-1.txt
     306    2106   16141 biomed/1471-2210-3-3.txt
     539    3664   25656 biomed/1471-2229-1-2.txt
     364    2851   20162 biomed/1471-2229-1-3.txt
     676    4837   37128 biomed/1471-2229-2-11.txt
     830    6283   46406 biomed/1471-2229-2-3.txt
     606    4502   33066 biomed/1471-2229-2-4.txt
     446    3270   23226 biomed/1471-2229-2-8.txt
     799    4564   34915 biomed/1471-2229-2-9.txt
     274    2036   15141 biomed/1471-2229-3-3.txt
     346    2428   17890 biomed/1471-2253-1-1.txt
     311    2446   17387 biomed/1471-2253-2-4.txt
     943    7319   53437 biomed/1471-2253-2-5.txt
     346    2457   19386 biomed/1471-2261-1-6.txt
     471    3397   25902 biomed/1471-2261-2-11.txt
     820    5781   43855 biomed/1471-2261-3-4.txt
     486    3943   28796 biomed/1471-2261-3-5.txt
     450    3452   25922 biomed/1471-2288-1-9.txt
     744    5787   42772 biomed/1471-2288-2-10.txt
     632    4089   30852 biomed/1471-2288-2-11.txt
     527    4292   30077 biomed/1471-2288-2-4.txt
    1112    4971   39781 biomed/1471-2288-3-4.txt
     810    2921   23191 biomed/1471-2288-3-8.txt
     793    6105   46390 biomed/1471-2288-3-9.txt
     537    4181   31087 biomed/1471-2296-3-18.txt
     409    3219   23589 biomed/1471-2296-3-19.txt
     484    3735   28483 biomed/1471-2296-3-3.txt
     460    3421   25804 biomed/1471-230X-1-10.txt
     414    2877   22520 biomed/1471-230X-1-5.txt
     250    1759   13669 biomed/1471-230X-1-6.txt
     300    2341   17629 biomed/1471-230X-1-8.txt
     219    1493   11200 biomed/1471-230X-2-17.txt
     285    2228   16226 biomed/1471-230X-2-21.txt
     360    2509   19639 biomed/1471-230X-2-23.txt
     387    2738   21061 biomed/1471-230X-3-3.txt
     400    2871   21842 biomed/1471-230X-3-5.txt
     583    4213   33364 biomed/1471-2318-3-2.txt
     429    3168   24415 biomed/1471-2326-2-4.txt
     309    2339   16775 biomed/1471-2334-1-10.txt
     397    2970   21797 biomed/1471-2334-1-13.txt
     440    3290   24239 biomed/1471-2334-1-17.txt
     339    2200   16640 biomed/1471-2334-1-21.txt
     446    3004   22860 biomed/1471-2334-1-24.txt
     372    2554   19590 biomed/1471-2334-1-9.txt
     428    2702   21319 biomed/1471-2334-2-1.txt
     581    4275   32166 biomed/1471-2334-2-24.txt
     550    3669   27094 biomed/1471-2334-2-26.txt
     610    4686   35377 biomed/1471-2334-2-27.txt
     450    3484   25529 biomed/1471-2334-2-29.txt
     400    2897   22233 biomed/1471-2334-2-5.txt
     588    4543   33504 biomed/1471-2334-2-6.txt
     516    3502   27097 biomed/1471-2334-2-7.txt
     551    4062   30506 biomed/1471-2334-3-10.txt
     412    3251   24252 biomed/1471-2334-3-11.txt
     308    2311   17234 biomed/1471-2334-3-12.txt
     137     799    6297 biomed/1471-2334-3-13.txt
     753    4454   35377 biomed/1471-2334-3-15.txt
     437    3176   23741 biomed/1471-2334-3-9.txt
     420    3070   23338 biomed/1471-2350-2-11.txt
     282    2109   15134 biomed/1471-2350-2-12.txt
     427    3142   23483 biomed/1471-2350-2-2.txt
     233    1391   11237 biomed/1471-2350-2-8.txt
     847    6275   48211 biomed/1471-2350-3-1.txt
     818    6035   47393 biomed/1471-2350-3-12.txt
     327    2450   18161 biomed/1471-2350-3-7.txt
     494    3342   26118 biomed/1471-2350-3-9.txt
     690    4531   34416 biomed/1471-2350-4-2.txt
     562    3749   29678 biomed/1471-2350-4-3.txt
     272    1750   13635 biomed/1471-2350-4-4.txt
     680    5282   39062 biomed/1471-2350-4-6.txt
     448    3451   25926 biomed/1471-2369-3-1.txt
     396    2783   22598 biomed/1471-2369-3-10.txt
     336    2503   18646 biomed/1471-2369-3-6.txt
     401    2867   22370 biomed/1471-2369-3-9.txt
     368    2695   21464 biomed/1471-2369-4-1.txt
     321    2467   18617 biomed/1471-2369-4-5.txt
     287    2060   16023 biomed/1471-2377-1-2.txt
     447    3221   24779 biomed/1471-2377-2-4.txt
     349    2639   19796 biomed/1471-2377-2-6.txt
     900    6356   50740 biomed/1471-2377-3-4.txt
     462    3015   23484 biomed/1471-2407-1-13.txt
     648    4778   37667 biomed/1471-2407-1-15.txt
     477    3536   26498 biomed/1471-2407-1-19.txt
     374    2823   21314 biomed/1471-2407-1-6.txt
     530    3974   30455 biomed/1471-2407-2-11.txt
     357    2427   18959 biomed/1471-2407-2-12.txt
     494    3667   28027 biomed/1471-2407-2-15.txt
     427    3279   23819 biomed/1471-2407-2-16.txt
     787    6169   45137 biomed/1471-2407-2-17.txt
     497    3362   26749 biomed/1471-2407-2-18.txt
     563    4043   29550 biomed/1471-2407-2-19.txt
     398    3104   22429 biomed/1471-2407-2-22.txt
     352    2949   20230 biomed/1471-2407-2-23.txt
     480    3913   27937 biomed/1471-2407-2-3.txt
     335    2649   19545 biomed/1471-2407-2-31.txt
     563    3918   31098 biomed/1471-2407-2-33.txt
     320    2334   18174 biomed/1471-2407-2-8.txt
     270    1921   14795 biomed/1471-2407-2-9.txt
     458    3603   26367 biomed/1471-2407-3-14.txt
     432    3296   25312 biomed/1471-2407-3-15.txt
     390    3118   22447 biomed/1471-2407-3-16.txt
     659    4726   37922 biomed/1471-2407-3-18.txt
     687    5014   39297 biomed/1471-2407-3-3.txt
     506    3335   25661 biomed/1471-2407-3-4.txt
     434    3247   24515 biomed/1471-2407-3-5.txt
     406    2924   22594 biomed/1471-2415-3-1.txt
     574    4591   33886 biomed/1471-2415-3-3.txt
     401    2944   22465 biomed/1471-2415-3-4.txt
     928    5895   44803 biomed/1471-2415-3-5.txt
     534    4119   30767 biomed/1471-2431-2-1.txt
     374    2885   21527 biomed/1471-2431-2-11.txt
     484    3203   26239 biomed/1471-2431-2-12.txt
     316    2305   18045 biomed/1471-2431-2-4.txt
     446    3709   25954 biomed/1471-2431-3-3.txt
     677    4561   36152 biomed/1471-2431-3-4.txt
     629    4632   34936 biomed/1471-2431-3-5.txt
     380    3058   22131 biomed/1471-2431-3-6.txt
     540    4477   32110 biomed/1471-244X-2-9.txt
     368    2885   20900 biomed/1471-244X-3-5.txt
     544    4316   32387 biomed/1471-2458-1-9.txt
     489    3362   26761 biomed/1471-2458-2-11.txt
     470    3317   26515 biomed/1471-2458-2-16.txt
     287    2194   16116 biomed/1471-2458-2-18.txt
     458    3682   27043 biomed/1471-2458-2-21.txt
     676    4853   36580 biomed/1471-2458-2-25.txt
     542    3555   29911 biomed/1471-2458-2-3.txt
     563    4084   31785 biomed/1471-2458-2-6.txt
     615    4608   35574 biomed/1471-2458-3-11.txt
     551    4165   31894 biomed/1471-2458-3-2.txt
     416    2876   22605 biomed/1471-2458-3-20.txt
     481    3523   25679 biomed/1471-2458-3-5.txt
     394    2912   22386 biomed/1471-2458-3-9.txt
     413    3102   23163 biomed/1471-2466-1-1.txt
     621    4565   34691 biomed/1471-2466-2-3.txt
     369    2707   20589 biomed/1471-2466-2-4.txt
     290    1987   15457 biomed/1471-2466-3-1.txt
     358    2625   20548 biomed/1471-2474-2-1.txt
     481    3880   27445 biomed/1471-2474-2-2.txt
     471    3326   25964 biomed/1471-2474-2-3.txt
     458    3192   24615 biomed/1471-2474-3-23.txt
     402    2984   20593 biomed/1471-2474-3-3.txt
     398    2691   19899 biomed/1471-2474-4-4.txt
     483    3445   25832 biomed/1471-2474-4-8.txt
     134     907    6804 biomed/1471-2490-3-2.txt
     400    3219   22954 biomed/1471-5945-1-3.txt
     642    4560   35587 biomed/1471-5945-2-13.txt
     255    1717   12826 biomed/1471-5945-3-3.txt
     586    4511   34610 biomed/1472-6750-1-11.txt
     473    3281   25046 biomed/1472-6750-1-12.txt
     461    3444   25697 biomed/1472-6750-1-13.txt
     560    4182   31799 biomed/1472-6750-1-6.txt
     498    3138   24163 biomed/1472-6750-1-8.txt
     392    2781   21912 biomed/1472-6750-2-10.txt
     367    2665   19066 biomed/1472-6750-2-13.txt
     806    6190   47947 biomed/1472-6750-2-14.txt
     474    2852   22140 biomed/1472-6750-2-2.txt
     601    4252   31607 biomed/1472-6750-2-21.txt
     286    2146   15015 biomed/1472-6750-3-11.txt
     614    4377   34558 biomed/1472-6750-3-4.txt
     628    4953   36952 biomed/1472-6750-3-6.txt
     681    4992   37906 biomed/1472-6769-1-1.txt
     319    2023   15688 biomed/1472-6769-1-2.txt
     347    1795   14626 biomed/1472-6769-1-3.txt
     202    1440    9952 biomed/1472-6769-1-4.txt
     410    3430   24168 biomed/1472-6785-1-3.txt
     701    2737   21135 biomed/1472-6785-1-5.txt
     448    3451   25115 biomed/1472-6785-2-6.txt
     803    5382   40558 biomed/1472-6785-2-7.txt
     507    3795   28809 biomed/1472-6793-1-11.txt
     462    3298   25055 biomed/1472-6793-1-12.txt
     660    4421   33137 biomed/1472-6793-1-15.txt
     573    4268   32160 biomed/1472-6793-1-2.txt
     355    2541   19300 biomed/1472-6793-1-6.txt
     823    5763   42284 biomed/1472-6793-1-8.txt
     539    3951   30811 biomed/1472-6793-2-1.txt
     645    5207   37722 biomed/1472-6793-2-11.txt
     504    3867   29048 biomed/1472-6793-2-16.txt
     453    3307   25629 biomed/1472-6793-2-17.txt
     964    5970   45713 biomed/1472-6793-2-18.txt
     522    3787   28870 biomed/1472-6793-2-19.txt
     645    4783   35125 biomed/1472-6793-2-2.txt
     585    4092   31160 biomed/1472-6793-2-4.txt
     608    4557   33228 biomed/1472-6793-2-5.txt
     681    5034   38847 biomed/1472-6793-2-8.txt
     382    2683   20943 biomed/1472-6793-3-3.txt
     468    3504   26409 biomed/1472-6793-3-4.txt
     478    3593   27647 biomed/1472-6793-3-5.txt
     538    3481   29507 biomed/1472-6793-3-6.txt
     312    2293   17081 biomed/1472-6807-1-1.txt
     407    3143   23376 biomed/1472-6807-2-1.txt
     323    2377   18059 biomed/1472-6807-2-2.txt
     897    6041   48482 biomed/1472-6807-2-3.txt
     907    5215   39829 biomed/1472-6807-2-4.txt
     240    1782   13059 biomed/1472-6807-2-5.txt
     364    2648   19498 biomed/1472-6807-2-9.txt
    1206    9590   73091 biomed/1472-6807-3-1.txt
     364    2743   20394 biomed/1472-6807-3-2.txt
     594    4045   32679 biomed/1472-6815-2-3.txt
     344    2561   19040 biomed/1472-6823-2-2.txt
     579    4280   34387 biomed/1472-6823-3-1.txt
     506    3976   29057 biomed/1472-6831-2-2.txt
     560    4127   30221 biomed/1472-6831-3-1.txt
     888    6389   49884 biomed/1472-684X-1-5.txt
     432    3157   24653 biomed/1472-684X-2-1.txt
     501    3939   29525 biomed/1472-684X-2-2.txt
     311    2343   17569 biomed/1472-6874-2-1.txt
     648    3604   27708 biomed/1472-6874-2-13.txt
     359    2522   18987 biomed/1472-6874-2-8.txt
     354    2408   18530 biomed/1472-6874-3-2.txt
    1509   10531   78507 biomed/1472-6882-1-10.txt
     574    4200   31620 biomed/1472-6882-1-11.txt
     557    4113   31937 biomed/1472-6882-1-12.txt
     459    3397   25465 biomed/1472-6882-1-7.txt
     375    2911   21093 biomed/1472-6882-2-10.txt
     269    2216   15301 biomed/1472-6882-2-5.txt
     835    6170   48170 biomed/1472-6882-3-1.txt
     686    4516   35409 biomed/1472-6882-3-3.txt
     749    5575   42977 biomed/1472-6890-1-4.txt
     334    2519   19200 biomed/1472-6890-2-5.txt
     639    4147   34258 biomed/1472-6890-3-2.txt
     522    3803   29304 biomed/1472-6904-1-2.txt
     678    5468   38390 biomed/1472-6904-2-4.txt
    1656   12212   89104 biomed/1472-6904-2-5.txt
     896    5969   44524 biomed/1472-6904-2-7.txt
    1166    8450   63901 biomed/1472-6904-3-1.txt
     414    2857   22501 biomed/1472-6920-1-3.txt
     565    4311   32906 biomed/1472-6920-2-1.txt
     346    2743   19761 biomed/1472-6920-2-3.txt
     298    2192   16536 biomed/1472-6947-1-2.txt
     339    2318   18158 biomed/1472-6947-1-5.txt
     597    4386   33487 biomed/1472-6947-1-6.txt
     603    4249   33905 biomed/1472-6947-2-4.txt
     734    5386   42551 biomed/1472-6947-2-7.txt
     624    3676   30395 biomed/1472-6947-3-5.txt
     658    4024   34254 biomed/1472-6947-3-8.txt
     443    2846   22981 biomed/1472-6955-2-1.txt
     385    2887   21711 biomed/1472-6963-1-11.txt
     495    3441   27938 biomed/1472-6963-1-8.txt
     555    3631   29285 biomed/1472-6963-2-10.txt
     486    3414   26929 biomed/1472-6963-3-1.txt
     305    2259   16645 biomed/1472-6963-3-11.txt
     447    3408   25064 biomed/1472-6963-3-12.txt
     370    2633   20388 biomed/1472-6963-3-13.txt
     710    5589   41716 biomed/1472-6963-3-14.txt
     483    3673   27276 biomed/1472-6963-3-6.txt
     655    5015   37540 biomed/1472-6963-3-7.txt
     446    3396   25725 biomed/1475-2832-1-1.txt
     420    3081   22387 biomed/1475-2867-2-10.txt
     452    3436   25953 biomed/1475-2867-2-15.txt
     391    2946   21894 biomed/1475-2867-2-7.txt
     621    4338   34655 biomed/1475-2867-3-12.txt
     622    4708   35654 biomed/1475-2867-3-2.txt
     432    3293   23790 biomed/1475-2867-3-3.txt
     656    4801   36377 biomed/1475-2867-3-4.txt
     567    4364   33494 biomed/1475-2875-1-14.txt
     576    4103   31562 biomed/1475-2875-1-5.txt
     635    4556   35430 biomed/1475-2875-2-10.txt
     716    5270   39946 biomed/1475-2875-2-14.txt
     556    3802   29607 biomed/1475-2875-2-4.txt
     440    3209   24661 biomed/1475-2883-2-11.txt
     466    3087   25430 biomed/1475-2891-1-2.txt
     483    3654   27864 biomed/1475-2891-2-1.txt
    1145    7928   62700 biomed/1475-4924-1-10.txt
     552    3995   29681 biomed/1475-4924-1-5.txt
     447    2765   21404 biomed/1475-925X-2-1.txt
     710    5517   41765 biomed/1475-925X-2-10.txt
     297    2377   17188 biomed/1475-925X-2-11.txt
     429    3065   23897 biomed/1475-925X-2-12.txt
     351    2405   17695 biomed/1475-925X-2-3.txt
    1233    5201   39964 biomed/1475-925X-2-6.txt
     876    5255   43338 biomed/1475-9268-1-1.txt
     365    2767   20942 biomed/1475-9268-1-2.txt
     477    3599   26713 biomed/1475-9276-1-3.txt
     494    3495   26286 biomed/1476-069X-1-3.txt
     583    4928   34475 biomed/1476-069X-2-2.txt
     942    6816   53109 biomed/1476-069X-2-4.txt
     485    3721   28318 biomed/1476-069X-2-7.txt
    1263    9126   74965 biomed/1476-069X-2-9.txt
     367    2761   20492 biomed/1476-0711-2-3.txt
     539    4228   31054 biomed/1476-0711-2-7.txt
     536    3807   29768 biomed/1476-072X-2-3.txt
     928    6554   51827 biomed/1476-072X-2-4.txt
     420    2901   21898 biomed/1476-4598-1-3.txt
     293    2021   15245 biomed/1476-4598-1-5.txt
     576    4357   33139 biomed/1476-4598-1-6.txt
     663    3476   28420 biomed/1476-4598-1-8.txt
     430    3201   24279 biomed/1476-4598-2-1.txt
     277    2131   15818 biomed/1476-4598-2-2.txt
     513    3443   26696 biomed/1476-4598-2-20.txt
     284    2058   15699 biomed/1476-4598-2-22.txt
     885    5419   42549 biomed/1476-4598-2-24.txt
     587    4163   33005 biomed/1476-4598-2-25.txt
     800    4639   35675 biomed/1476-4598-2-28.txt
     302    2073   15618 biomed/1476-4598-2-3.txt
    1458   10349   83194 biomed/1476-511X-1-2.txt
     502    3772   28467 biomed/1476-511X-2-2.txt
     408    3057   23183 biomed/1476-511X-2-3.txt
     350    2786   19791 biomed/1476-5918-1-2.txt
     633    4921   37006 biomed/1476-9433-1-2.txt
     397    2807   21318 biomed/1476-9433-1-3.txt
     394    2901   21459 biomed/1477-5956-1-1.txt
     422    2742   21781 biomed/1477-7525-1-10.txt
     293    2244   17188 biomed/1477-7525-1-12.txt
     480    3409   26223 biomed/1477-7525-1-9.txt
     227    1778   12265 biomed/1477-7819-1-10.txt
     949    7007   55102 biomed/1477-7827-1-13.txt
     539    4091   30587 biomed/1477-7827-1-17.txt
     398    3254   23010 biomed/1477-7827-1-21.txt
     616    4530   35797 biomed/1477-7827-1-23.txt
     444    3415   25530 biomed/1477-7827-1-27.txt
     741    5121   41600 biomed/1477-7827-1-31.txt
     920    6921   53800 biomed/1477-7827-1-36.txt
     726    5249   39369 biomed/1477-7827-1-43.txt
     828    6160   48259 biomed/1477-7827-1-46.txt
     479    3606   25856 biomed/1477-7827-1-48.txt
     722    5448   40046 biomed/1477-7827-1-54.txt
     372    2553   20506 biomed/1477-7827-1-6.txt
     778    6310   45807 biomed/1477-7827-1-9.txt
     397    2993   22678 biomed/1478-1336-1-2.txt
     416    3076   23526 biomed/1478-1336-1-3.txt
     650    4736   35659 biomed/1478-1336-1-4.txt
     682    4418   33145 biomed/1478-7954-1-3.txt
     662    4780   37212 biomed/ar104.txt
     630    4695   36324 biomed/ar118.txt
     575    4271   32393 biomed/ar120.txt
     832    5861   46550 biomed/ar130.txt
     677    5023   38211 biomed/ar140.txt
     468    3246   25253 biomed/ar149.txt
     375    2424   18795 biomed/ar297.txt
     352    2391   19157 biomed/ar309.txt
     541    3670   29069 biomed/ar319.txt
     461    3182   24928 biomed/ar321.txt
     292    2088   15903 biomed/ar328.txt
     361    2677   20970 biomed/ar331.txt
     290    1871   14731 biomed/ar383.txt
     339    2620   18845 biomed/ar387.txt
     506    3516   27321 biomed/ar407.txt
     484    3371   26013 biomed/ar408.txt
     527    3455   27953 biomed/ar409.txt
     565    3884   31030 biomed/ar422.txt
     352    2529   18681 biomed/ar429.txt
     336    2258   17933 biomed/ar430.txt
     367    2449   18964 biomed/ar601.txt
     502    3502   28204 biomed/ar612.txt
     614    4492   34084 biomed/ar615.txt
     358    2647   19149 biomed/ar619.txt
     467    3365   25700 biomed/ar624.txt
     504    3483   27018 biomed/ar68.txt
     506    3577   27848 biomed/ar745.txt
     329    2425   18059 biomed/ar750.txt
     503    3164   24602 biomed/ar774.txt
     699    5188   39259 biomed/ar778.txt
     639    4538   35253 biomed/ar79.txt
     460    3340   25237 biomed/ar792.txt
     502    3658   27719 biomed/ar795.txt
     467    3167   25350 biomed/ar799.txt
     591    4328   32793 biomed/ar93.txt
     794    5641   43955 biomed/bcr273.txt
     695    5454   40398 biomed/bcr284.txt
     617    4643   35311 biomed/bcr285.txt
     459    3207   25685 biomed/bcr294.txt
     585    4107   30804 biomed/bcr303.txt
     439    2977   23358 biomed/bcr317.txt
     840    5653   44544 biomed/bcr45.txt
     397    3107   22904 biomed/bcr458.txt
     298    2142   16229 biomed/bcr567.txt
     428    2619   19743 biomed/bcr568.txt
     378    2683   20468 biomed/bcr570.txt
     405    2801   21426 biomed/bcr571.txt
     350    2640   19181 biomed/bcr583.txt
     406    2996   22429 biomed/bcr588.txt
     351    2600   19094 biomed/bcr602.txt
     788    6242   46272 biomed/bcr605.txt
     370    2785   20662 biomed/bcr607.txt
     447    3200   24966 biomed/bcr618.txt
     614    4406   35035 biomed/bcr620.txt
     783    5771   44886 biomed/bcr631.txt
     248    1772   13481 biomed/bcr635.txt
     536    3916   30360 biomed/cc103.txt
     342    2509   19035 biomed/cc1044.txt
     371    2907   21650 biomed/cc105.txt
     633    3300   26600 biomed/cc1476.txt
     423    2969   22286 biomed/cc1477.txt
     311    2142   16376 biomed/cc1495.txt
     305    2073   16242 biomed/cc1497.txt
     449    3113   23920 biomed/cc1498.txt
     462    3201   25108 biomed/cc1529.txt
     522    3830   29974 biomed/cc1538.txt
     282    1881   15211 biomed/cc1547.txt
     298    2173   16482 biomed/cc1843.txt
     580    4159   31319 biomed/cc1852.txt
     378    2252   17889 biomed/cc1856.txt
     434    3088   23617 biomed/cc1882.txt
     343    2294   17840 biomed/cc2160.txt
     593    4123   33687 biomed/cc2167.txt
     517    3816   29402 biomed/cc2171.txt
     445    2773   20745 biomed/cc2172.txt
     365    2683   20124 biomed/cc2190.txt
     353    2469   18512 biomed/cc2358.txt
     428    2704   22668 biomed/cc3.txt
     439    3082   23472 biomed/cc300.txt
     611    4109   32569 biomed/cc303.txt
     405    3186   23825 biomed/cc343.txt
     276    2129   16150 biomed/cc350.txt
     377    2430   20130 biomed/cc367.txt
     855    5542   43694 biomed/cc4.txt
     227    1654   12557 biomed/cc713.txt
     204    1526   11287 biomed/cc973.txt
     486    3259   24929 biomed/cc991.txt
     355    2968   21676 biomed/cvm-2-1-038.txt
     361    2542   19679 biomed/cvm-2-4-180.txt
     473    3251   25609 biomed/cvm-2-4-187.txt
     474    3248   25831 biomed/cvm-2-6-278.txt
     348    2398   19340 biomed/cvm-2-6-286.txt
     456    3219   24629 biomed/gb-2000-1-1-research002.txt
     626    3748   28019 biomed/gb-2000-1-2-research0003.txt
     675    4728   36125 biomed/gb-2001-2-10-research0041.txt
     840    5939   44791 biomed/gb-2001-2-10-research0042.txt
     654    4349   34018 biomed/gb-2001-2-11-research0045.txt
    1101    7815   59433 biomed/gb-2001-2-11-research0046.txt
     652    4505   37186 biomed/gb-2001-2-12-research0051.txt
     466    3146   25094 biomed/gb-2001-2-12-research0053.txt
     815    5087   40003 biomed/gb-2001-2-12-research0054.txt
     909    6220   48870 biomed/gb-2001-2-12-research0055.txt
     629    4641   36028 biomed/gb-2001-2-2-research0004.txt
     411    2902   23524 biomed/gb-2001-2-3-research0007.txt
     628    4333   33499 biomed/gb-2001-2-3-research0008.txt
     840    6328   47665 biomed/gb-2001-2-4-research0010.txt
     915    5319   43999 biomed/gb-2001-2-4-research0011.txt
     611    4395   35659 biomed/gb-2001-2-4-research0012.txt
     619    4362   34260 biomed/gb-2001-2-4-research0014.txt
     737    5346   42611 biomed/gb-2001-2-6-research0018.txt
     484    3503   27074 biomed/gb-2001-2-6-research0020.txt
     664    4516   36620 biomed/gb-2001-2-6-research0021.txt
     805    6075   44121 biomed/gb-2001-2-7-research0024.txt
    1297    8564   69168 biomed/gb-2001-2-7-research0025.txt
     723    4222   32241 biomed/gb-2001-2-8-research0027.txt
    1009    6095   49958 biomed/gb-2001-2-8-research0030.txt
     994    6112   47386 biomed/gb-2001-2-8-research0031.txt
     485    3441   25897 biomed/gb-2001-2-8-research0032.txt
     451    2847   22853 biomed/gb-2001-2-9-research0035.txt
     875    5481   44019 biomed/gb-2001-2-9-research0037.txt
    1133    7823   60518 biomed/gb-2001-3-1-research0001.txt
     518    3170   26047 biomed/gb-2001-3-1-research0004.txt
     492    3792   28714 biomed/gb-2001-3-1-research0005.txt
     941    7576   55347 biomed/gb-2002-3-10-research0052.txt
     678    4044   31808 biomed/gb-2002-3-10-research0053.txt
     598    4217   32878 biomed/gb-2002-3-10-research0054.txt
     841    5974   47650 biomed/gb-2002-3-10-research0055.txt
     820    5937   45288 biomed/gb-2002-3-10-research0056.txt
    1336    9291   74234 biomed/gb-2002-3-11-research0059.txt
     500    3692   27931 biomed/gb-2002-3-11-research0060.txt
     457    3346   26586 biomed/gb-2002-3-11-research0061.txt
     789    5730   44323 biomed/gb-2002-3-11-research0062.txt
     928    6729   51918 biomed/gb-2002-3-11-research0065.txt
    1113    7189   57162 biomed/gb-2002-3-12-research0071.txt
    1386    6984   56348 biomed/gb-2002-3-12-research0072.txt
     415    2866   22757 biomed/gb-2002-3-12-research0075.txt
     722    5374   41682 biomed/gb-2002-3-12-research0077.txt
     609    4762   34732 biomed/gb-2002-3-12-research0078.txt
    1073    8044   59919 biomed/gb-2002-3-12-research0079.txt
     533    3405   28874 biomed/gb-2002-3-12-research0080.txt
     720    5522   41121 biomed/gb-2002-3-12-research0081.txt
     754    5680   42932 biomed/gb-2002-3-12-research0082.txt
    1614   11081   88698 biomed/gb-2002-3-12-research0083.txt
     875    6090   48768 biomed/gb-2002-3-12-research0085.txt
    1773   10309   83990 biomed/gb-2002-3-12-research0086.txt
     819    6342   46321 biomed/gb-2002-3-12-research0087.txt
     895    6560   51726 biomed/gb-2002-3-12-research0088.txt
     788    5169   38916 biomed/gb-2002-3-2-research0008.txt
     524    2921   22813 biomed/gb-2002-3-2-research0009.txt
    1029    5956   46710 biomed/gb-2002-3-3-research0011.txt
     567    3900   31929 biomed/gb-2002-3-3-research0012.txt
     613    3837   29148 biomed/gb-2002-3-4-research0018.txt
     692    4480   34914 biomed/gb-2002-3-4-research0019.txt
     684    5099   39368 biomed/gb-2002-3-5-research0020.txt
     664    4210   32848 biomed/gb-2002-3-5-research0021.txt
    1206    4817   38544 biomed/gb-2002-3-5-research0022.txt
     337    2523   19700 biomed/gb-2002-3-5-research0023.txt
     809    3869   31838 biomed/gb-2002-3-5-research0024.txt
     893    6315   49968 biomed/gb-2002-3-5-research0025.txt
     466    3442   26711 biomed/gb-2002-3-6-research0029.txt
     578    4536   34079 biomed/gb-2002-3-6-software0001.txt
     524    3922   30444 biomed/gb-2002-3-7-research0032.txt
     892    6148   48887 biomed/gb-2002-3-7-research0035.txt
    1803    8968   73428 biomed/gb-2002-3-7-research0036.txt
     955    4297   36803 biomed/gb-2002-3-7-research0037.txt
     841    5850   45876 biomed/gb-2002-3-8-research0038.txt
     357    2610   20507 biomed/gb-2002-3-8-research0039.txt
     466    3239   25182 biomed/gb-2002-3-8-research0040.txt
     973    7299   57158 biomed/gb-2002-3-9-research0043.txt
     563    4180   32469 biomed/gb-2002-3-9-research0044.txt
    1051    7421   58484 biomed/gb-2002-3-9-research0045.txt
     592    4177   33810 biomed/gb-2002-3-9-research0046.txt
     970    5708   45928 biomed/gb-2002-3-9-research0048.txt
     572    3742   29598 biomed/gb-2002-3-9-research0049.txt
     892    5427   44326 biomed/gb-2002-3-9-research0051.txt
     558    3967   30292 biomed/gb-2002-4-1-r1.txt
     905    6134   48746 biomed/gb-2002-4-1-r2.txt
     807    5556   46030 biomed/gb-2003-4-1-r5.txt
     544    3893   29546 biomed/gb-2003-4-1-r7.txt
     742    5240   42624 biomed/gb-2003-4-2-r11.txt
    1219    6656   55514 biomed/gb-2003-4-2-r14.txt
     590    4196   32489 biomed/gb-2003-4-2-r16.txt
     875    5663   43710 biomed/gb-2003-4-2-r8.txt
     983    6596   55181 biomed/gb-2003-4-2-r9.txt
     973    6746   52824 biomed/gb-2003-4-3-r17.txt
     334    2569   18620 biomed/gb-2003-4-3-r18.txt
     940    6517   51112 biomed/gb-2003-4-3-r20.txt
     821    5151   38892 biomed/gb-2003-4-4-r24.txt
    1197    7804   62553 biomed/gb-2003-4-4-r26.txt
     510    3893   28895 biomed/gb-2003-4-4-r28.txt
     631    5133   36113 biomed/gb-2003-4-5-r30.txt
     726    5023   39796 biomed/gb-2003-4-5-r32.txt
    1510    8408   70729 biomed/gb-2003-4-5-r34.txt
     754    5200   41587 biomed/gb-2003-4-6-r37.txt
    1008    6621   51187 biomed/gb-2003-4-6-r39.txt
     543    3149   22764 biomed/gb-2003-4-6-r41.txt
    1201    8165   64870 biomed/gb-2003-4-7-r42.txt
    1424    7522   63280 biomed/gb-2003-4-7-r43.txt
     684    5064   37359 biomed/gb-2003-4-7-r46.txt
     532    3780   29369 biomed/gb-2003-4-8-r50.txt
     388    2634   20637 biomed/gb-2003-4-8-r51.txt
     666    4920   35998 biomed/gb-2003-4-9-r57.txt
     569    3573   27080 biomed/gb-2003-4-9-r58.txt
     476    3404   27689 biomed/gb-2003-4-9-r60.txt
     453    2909   22439 biomed/rr166.txt
     726    5009   36971 biomed/rr167.txt
     660    4967   38006 biomed/rr171.txt
     448    3135   24900 biomed/rr172.txt
     551    4099   30791 biomed/rr191.txt
     672    5042   37082 biomed/rr196.txt
     574    3948   32562 biomed/rr37.txt
     339    2096   16843 biomed/rr73.txt
     426    2847   22290 biomed/rr74.txt
  490673 3437323 26328271 total
